1   1314    601   1328    627
2   1179    841   1190    871
3   1156    444   1166    459
4    812    823    822    832
5    460    155    471    166
6    449    149    452    162
7     55    568     62    578
8     79    652     85    669
9     65    731     78    743
13     42    163     56    173
14     33    154     49    159
15     34    173     40    181
16    143    650    150    663
17     56    473     65    495
18     20     20    122    311
19     15     27    116    163
20     19     19     91    197
21     11     19     54    181
22     16     16     49    175
23     15     15     77     28
24     10     13     17     28
25      6     15     17    290
26     21     16     33    333
27     20     21     31    242
28     14     15     28     35
29     14     21    176    174
30     11     20    272    171
31      9     15    541     31
32      8     10    598     24
33     19     20     34     36
34      9      5     15     17
35     15     13     27     31
36     17     14     66     32
37     19     22    250     32
38     12      8    416     30
39      8     19    306     33
40     12     20    608     39
41     19     24     28     42
42     19      9     27    267
43     22     20     34     42
44     18     14     72     30
45     17     16    247     37
46     10     16    571     33
47     13     15    319     32
48     22     13    617     31
49     13     14     19     28
50     16     12     86     54
51     17     17    111    152
52     15     19     64     36
53     12     19    131    348
54     21     19    209     33
55     14     13    452    546
56     13     18    354    450
57     14     15    144    285
